height: 128
width: 128
K: [154.50966, 0.0, 64, 0.0, 154.50966,64.0, 0.0, 0.0, 1.0]
near: 0.02
far: 2.0
