translation: [0.04, 0, 0.022]
rotation: [0, 0, 0.7068252, 0.7073883]
